27.31,30.38,0.1467,25.94,-0.3948,25.55,0.0351,77.74,-0.1247,0.48,5.79,0.05,4.2630,2810.68,746.4871
27.44,30.45,0.2499,25.91,0.1294,25.57,0.0450,77.75,-0.0822,0.48,5.79,0.03,4.2747,3081.98,421.9253
27.38,30.47,-0.2040,25.90,-0.3552,25.58,-0.0120,77.75,0.1349,0.48,5.79,0.03,4.2733,3153.20,399.5880
27.38,30.49,-0.1532,25.89,-0.4369,25.58,-0.0664,77.75,-0.1431,0.49,5.80,0.05,4.2703,3215.06,274.4086
27.38,30.51,-0.1835,25.87,-0.4920,25.59,-0.0903,77.75,0.0103,0.48,5.79,0.03,4.2747,3262.22,198.3461
27.38,30.52,0.2121,25.86,-0.3280,25.59,-0.0661,77.75,-0.1404,0.47,5.79,0.04,4.2747,3299.18,127.0030
27.44,30.54,-0.0679,25.85,-0.3200,25.60,-0.0458,77.75,-0.1579,0.48,5.80,0.04,4.2681,3329.93,173.2417
27.50,30.55,0.3265,25.83,0.2407,25.60,0.0499,77.75,0.1330,0.48,5.79,0.03,4.2769,3355.03,119.6734
27.38,30.56,0.1522,25.82,-0.0138,25.60,0.0400,77.74,0.1404,0.48,5.79,0.03,4.2784,3373.99,61.0440
27.44,30.58,0.2735,25.81,0.3279,25.60,0.0594,77.74,0.1650,0.48,5.79,0.04,4.2725,3389.90,62.3138
27.38,30.60,-0.0413,25.80,-0.0175,25.61,-0.0522,77.75,-0.1093,0.48,5.80,0.03,4.2733,3403.39,77.8017
27.50,30.61,-0.0561,25.79,-0.1464,25.61,-0.0398,77.74,0.0782,0.48,5.79,0.03,4.2755,3414.00,9.1850
27.44,30.62,-0.0133,25.78,0.2718,25.62,0.1014,77.74,0.1724,0.47,5.80,0.04,4.2696,3422.11,32.6224
27.50,30.63,0.1531,25.76,-0.2293,25.62,0.0153,77.74,-0.0912,0.48,5.79,0.03,4.2740,3426.48,68.1728
27.38,30.63,-0.3707,25.75,-0.0806,25.62,-0.0312,77.74,0.0891,0.47,5.79,0.04,4.2667,3433.78,21.3622
27.44,30.63,-0.1275,25.74,0.0595,25.63,0.1442,77.74,0.0892,0.48,5.80,0.03,4.2696,3438.22,12.8623
27.38,30.63,-0.0394,25.74,-0.1406,25.63,-0.0450,77.74,-0.0054,0.48,5.79,0.03,4.2733,3439.61,-12.8663
27.38,30.64,0.1263,25.73,-0.0195,25.63,-0.0451,77.74,-0.1048,0.49,5.79,0.03,4.2747,3443.98,13.1767
27.38,30.64,0.1286,25.71,0.0372,25.63,0.0402,77.74,0.2331,0.49,5.79,0.05,4.2718,3445.56,39.1854
27.38,30.65,0.1176,25.70,-0.1084,25.64,0.1219,77.74,0.0641,0.48,5.79,0.03,4.2784,3447.95,-25.9322
27.50,30.67,0.0066,25.69,-0.1574,25.64,0.1471,77.74,0.1156,0.48,5.80,0.04,4.2652,3450.26,6.1882
27.50,30.69,0.3866,25.68,0.0723,25.64,0.1389,77.74,-0.0013,0.48,5.80,0.05,4.2601,3450.67,37.2869
27.44,30.70,0.1117,25.67,-0.2393,25.64,-0.0653,77.74,-0.1644,0.47,5.79,0.03,4.2799,3452.58,-29.5117
27.38,30.72,0.0953,25.66,0.0394,25.65,0.0310,77.74,0.1701,0.48,5.79,0.04,4.2725,3453.60,2.6489
27.38,30.72,-0.1855,25.65,-0.1304,25.65,0.0223,77.74,0.1329,0.48,5.79,0.03,4.2769,3452.59,41.1315
27.38,30.73,0.1538,25.64,-0.0011,25.66,0.1243,77.74,-0.1962,0.47,5.79,0.04,4.2674,3455.38,-1.0229
27.50,30.75,0.1770,25.64,0.0432,25.66,0.0759,77.74,0.1667,0.48,5.79,0.03,4.2806,3456.17,-1.4377
27.44,30.77,0.1228,25.63,0.1856,25.66,0.0263,77.74,0.1564,0.48,5.79,0.04,4.2733,3454.80,-26.8485
27.50,30.78,0.2194,25.62,0.0642,25.66,0.0337,77.74,-0.1393,0.47,5.79,0.05,4.2579,3456.94,0.3713
27.50,30.79,0.2971,25.61,-0.4541,25.66,0.0077,77.73,-0.0767,0.48,5.79,0.03,4.2725,3456.56,27.3380
27.50,30.79,0.0121,25.60,-0.2133,25.66,0.0301,77.73,0.0815,0.47,5.80,0.03,4.2711,3455.61,-30.0681
27.50,30.80,-0.0716,25.59,0.1669,25.66,0.1565,77.73,0.2838,0.47,5.79,0.03,4.2740,3457.18,-1.0385
27.50,30.81,-0.3526,25.59,-0.2965,25.67,-0.0854,77.73,0.0842,0.48,5.80,0.03,4.2718,3456.13,26.9533
27.44,30.81,0.3819,25.58,0.2911,25.67,-0.0096,77.73,0.1836,0.48,5.80,0.04,4.2645,3456.24,-25.0756
27.50,30.82,0.3459,25.57,0.0440,25.68,0.0686,77.73,-0.0282,0.48,5.80,0.03,4.2762,3457.07,-1.0909
27.56,30.84,0.0197,25.57,0.2768,25.68,0.0415,77.73,0.0675,0.47,5.79,0.03,4.2733,3455.82,33.1581
27.50,30.85,-0.2099,25.57,-0.2267,25.68,-0.0400,77.73,0.0688,0.48,5.79,0.04,4.2740,3458.14,5.2922
27.50,30.86,0.1572,25.56,-0.0296,25.68,-0.1318,77.73,-0.1837,0.47,5.79,0.03,4.2762,3458.63,0.3151
27.50,30.88,-0.0903,25.56,0.1158,25.69,-0.0020,77.73,0.1259,0.47,5.80,0.05,4.2579,3456.98,-24.1531
27.50,30.89,0.2375,25.56,0.1794,25.69,0.0901,77.73,0.1610,0.48,5.79,0.03,4.2791,3459.17,-2.3783
27.50,30.91,-0.1029,25.57,-0.0299,25.69,0.0361,77.73,-0.1371,0.48,5.79,0.03,4.2784,3459.46,-3.4301
