$28.75,29.77,-0.0403,28.32,0.2204,0.04,-0.1023,21.32,-2.5631,0.01,0.00,0.00,0.0000,0.27,5.5121*3b
$28.75,29.77,-0.0403,28.32,0.2204,0.04,-0.1023,21.32,-2.5631,0.01,0.00,0.00,0.0000,0.27,5.5121*3b
$28.75,29.77,0.2114,28.28,0.4796,0.11,14.7371,22.91,199.7212,0.02,0.00,0.12,10.0000,90.71,5998.1864*16
$28.75,29.77,0.0749,28.29,0.1308,0.69,20.6696,28.85,190.9439,0.02,0.00,0.10,9.1062,256.11,5167.5346*19
$28.75,29.78,0.0983,28.29,0.4796,1.00,19.7669,31.68,177.8136,0.02,0.00,0.09,8.7641,332.40,4784.3450*17
$28.75,29.78,0.0939,28.30,-0.1245,1.29,18.4893,34.24,164.7794,0.02,0.00,0.09,8.4681,401.12,4429.1592*37
$28.75,29.78,0.0002,28.30,0.6212,1.55,17.2139,36.60,153.0242,0.02,0.00,0.09,8.2286,495.09,6822.5085*1a
$28.75,29.78,-0.0376,28.30,-0.0064,1.81,16.0431,38.93,141.7707,0.01,0.00,0.09,8.0037,598.82,6316.6303*1e
$28.69,29.78,-0.0634,28.31,0.2627,2.51,12.3218,45.15,110.4640,0.02,0.00,0.07,7.5158,876.12,4923.6453*3d
$28.69,29.78,0.2169,28.31,0.3362,2.89,10.4415,48.58,93.2315,0.02,0.00,0.07,7.2945,1079.22,6020.4233*12
$28.69,29.78,-0.0911,28.32,0.4155,3.03,9.6873,49.79,87.1900,0.02,0.00,0.07,7.2249,1157.14,5628.9754*c
$28.69,29.78,-0.0852,28.32,-0.0185,3.18,8.9653,51.12,80.2836,0.02,0.00,0.07,7.1553,1243.28,5184.5218*24
$28.69,29.78,0.0085,28.32,0.1004,3.30,8.4032,52.20,75.1068,0.02,0.00,0.08,7.0945,1312.75,4847.2292*2b
$28.69,29.77,-0.1681,28.32,-0.2991,3.44,7.7491,53.42,68.8057,0.02,0.00,0.08,7.0308,1399.54,6065.7273*2c
$28.69,29.77,-0.0353,28.32,0.0690,3.59,6.8585,54.81,61.9403,0.02,0.00,0.08,6.9729,1522.21,5463.0593*1
$28.69,29.77,-0.1430,28.32,0.1045,3.75,6.1919,56.26,54.7243,0.02,0.00,0.07,6.9297,1649.71,4822.6173*6
$28.75,29.75,-0.1474,28.31,0.0038,4.39,2.8724,61.93,26.1689,0.02,0.00,0.07,6.7597,2295.37,4026.5388*c
$28.75,29.75,-0.2706,28.31,-0.0119,4.48,2.3633,62.70,22.2648,0.02,0.00,0.08,6.7436,2413.86,3431.7181*23
$28.75,29.74,-0.1993,28.31,-0.3413,4.51,2.3795,63.02,20.8709,0.02,0.00,0.06,6.7495,2463.02,3184.3185*25
$28.75,29.74,-0.0305,28.31,0.1295,4.55,2.2146,63.36,19.0603,0.02,0.00,0.07,6.7421,2528.02,3895.5546*1
$28.75,29.74,-0.2926,28.30,-0.0786,4.58,2.0314,63.59,17.8665,0.02,0.00,0.06,6.7062,2576.61,3651.4149*27
$28.75,29.73,0.0305,28.30,-0.0423,4.60,1.7701,63.84,16.5927,0.02,0.00,0.06,6.7355,2627.26,3396.4953*c
$28.75,29.73,-0.0151,28.30,-0.1522,4.63,1.7676,64.10,15.3004,0.02,0.00,0.07,6.7297,2679.35,3127.7967*2d
$28.75,29.73,-0.3366,28.30,-0.1733,4.66,1.5007,64.32,14.1582,0.02,0.00,0.06,6.7319,2724.19,2909.5764*2e
$28.75,29.73,-0.3215,28.30,-0.1006,4.68,1.4553,64.53,13.1172,0.02,0.00,0.06,6.7267,2773.70,3539.1690*2f
$28.75,29.72,-0.1259,28.30,-0.0976,4.70,1.3025,64.67,12.3648,0.03,0.00,0.07,6.7158,2811.30,3350.7083*20
$28.69,29.72,-0.3895,28.29,-0.3602,4.71,1.2902,64.83,11.6545,0.02,0.00,0.07,6.7128,2851.74,3140.1041*25
$28.69,29.72,-0.3669,28.29,-0.3167,4.74,1.0837,65.02,10.6058,0.02,0.00,0.06,6.7209,2904.16,2877.2909*22
$28.69,29.71,-0.1999,28.29,-0.0897,4.75,1.0825,65.16,9.9604,0.01,0.00,0.06,6.7209,2942.76,2689.8857*11
$28.69,29.71,-0.2019,28.29,-0.1943,4.78,0.9924,65.41,8.6489,0.02,0.00,0.07,6.7150,3011.93,3205.8279*1b
$28.69,29.71,-0.0102,28.28,0.0260,4.79,0.8675,65.50,8.2083,0.02,0.00,0.08,6.6989,3047.38,3035.2949*37
$28.69,29.70,-0.2332,28.28,-0.0524,4.81,0.7947,65.67,7.4409,0.02,0.00,0.06,6.7165,3110.15,2719.6059*1f
$28.69,29.70,-0.2383,28.28,-0.1579,4.83,0.7197,65.85,6.5076,0.02,0.00,0.06,6.7143,3172.52,2406.3062*18
$28.69,29.69,-0.3738,28.28,-0.0243,4.84,0.6971,65.93,6.0950,0.02,0.00,0.07,6.7011,3202.59,2255.4772*1a
$28.69,29.69,-0.2880,28.27,-0.3462,4.85,0.7560,66.04,5.6576,0.02,0.00,0.07,6.7033,3251.87,2794.2380*10
$28.69,29.66,-0.3328,28.25,-0.0701,4.91,0.1889,66.52,3.1506,0.02,0.00,0.06,6.7143,3514.43,2148.6816*12
$28.69,29.66,-0.0365,28.25,-0.0522,4.91,0.2855,66.57,2.9471,0.02,0.00,0.08,6.6930,3548.19,1979.3101*12
$28.69,29.65,-0.3466,28.25,-0.1269,4.92,0.2783,66.62,2.6685,0.02,0.00,0.06,6.7077,3583.92,1795.5402*15
$28.69,29.65,-0.1111,28.24,-0.0524,4.92,0.3792,66.66,2.5479,0.02,0.00,0.06,6.7070,3611.53,2299.7100*16
$28.69,29.64,-0.0520,28.24,-0.0042,4.93,0.2799,66.70,2.3925,0.02,0.00,0.04,6.7429,3652.97,2091.5697*1f
$28.69,29.64,-0.2438,28.24,-0.1103,4.93,0.2369,66.74,2.0071,0.02,0.00,0.06,6.7106,3682.11,1940.5099*13
$28.69,29.63,-0.3491,28.24,-0.2825,4.93,0.2711,66.76,2.0667,0.02,0.00,0.06,6.6527,3708.12,1814.4243*12
$28.69,29.63,-0.0568,28.23,-0.1777,4.94,0.1844,66.79,1.9414,0.02,0.00,0.06,6.7165,3730.00,1700.5068*19
$28.69,29.63,-0.2579,28.23,-0.2278,4.94,0.1457,66.81,1.6767,0.01,0.00,0.06,6.7099,3751.28,1593.8093*1e
$28.69,29.62,-0.3549,28.23,-0.3343,4.94,0.1320,66.84,1.6126,0.02,0.00,0.07,6.7026,3783.71,1961.0483*1d
$28.69,29.62,-0.4316,28.23,-0.5111,4.94,0.1687,66.86,1.5010,0.02,0.00,0.08,6.6901,3810.93,1824.2930*14
$28.69,29.61,-0.2212,28.22,-0.2773,4.95,0.0573,66.88,1.3678,0.01,0.00,0.06,6.7136,3836.31,1692.7836*15
$28.69,29.61,-0.2308,28.22,-0.3561,4.95,0.1965,66.90,1.3539,0.03,0.00,0.07,6.6974,3857.53,1586.3982*19
$28.69,29.60,-0.2950,28.22,-0.0341,4.95,0.2093,66.92,1.2000,0.02,0.00,0.05,6.7165,3883.22,1460.9499*16
$28.69,29.60,-0.2520,28.22,-0.1809,4.95,0.1980,66.94,1.0517,0.03,0.00,0.05,6.7165,3903.41,1926.4497*15
$28.69,29.60,-0.3257,28.21,-0.1401,4.95,0.2142,66.95,1.1826,0.02,0.00,0.07,6.7004,3933.81,1774.0529*1d
$28.69,29.59,-0.1835,28.21,-0.1888,4.95,0.0361,66.97,1.0481,0.02,0.00,0.05,6.7172,3955.11,1671.0171*13
$28.69,29.59,-0.1342,28.21,-0.2040,4.96,0.1513,66.98,0.7879,0.02,0.00,0.05,6.7187,3976.77,1562.2352*1f
$28.69,29.59,-0.2052,28.21,-0.1628,4.96,0.1698,66.99,0.9030,0.02,0.00,0.06,6.7121,3995.61,1464.2493*17
$28.69,29.58,-0.2070,28.20,-0.1782,4.96,-0.0322,67.00,0.7416,0.02,0.00,0.07,6.6982,4017.92,1355.4904*38
$28.69,29.58,-0.4939,28.20,-0.4157,4.96,0.0361,67.01,0.7406,0.02,0.00,0.05,6.7179,4036.71,1700.3957*1f
$28.69,29.57,-0.4306,28.20,-0.3633,4.96,-0.0687,67.03,0.5761,0.02,0.00,0.06,6.7136,4068.12,1546.3907*35
$28.69,29.57,-0.3471,28.19,-0.0398,4.96,0.2228,67.03,0.6589,0.02,0.00,0.05,6.7187,4087.43,1449.5574*1d
$28.69,29.56,-0.3548,28.19,-0.2420,4.96,-0.0532,67.04,0.5162,0.02,0.00,0.06,6.7099,4106.28,1351.6758*3e
$28.69,29.56,-0.3348,28.19,-0.2601,4.96,0.0156,67.05,0.4052,0.02,0.00,0.05,6.7165,4125.66,1257.3550*12
$28.69,29.55,-0.2260,28.19,-0.0363,4.97,0.1567,67.06,0.5874,0.01,0.00,0.06,6.7084,4143.08,1169.8351*14
$28.69,29.55,-0.1981,28.18,-0.0183,4.97,0.1764,67.07,0.4726,0.02,0.00,0.07,6.6989,4166.75,1469.2005*10
$28.69,29.54,-0.1478,28.18,-0.0939,4.97,0.0991,67.07,0.4655,0.02,0.00,0.07,6.6945,4185.76,1373.6618*1f
$28.69,29.54,-0.2473,28.18,-0.2037,4.97,0.0456,67.08,0.4373,0.02,0.00,0.05,6.7143,4202.38,1287.2721*14
$28.69,29.54,-0.2249,28.17,-0.1585,4.97,-0.0796,67.08,0.2881,0.02,0.00,0.05,6.7136,4219.07,1206.3560*32
$28.69,29.53,-0.3568,28.17,-0.3257,4.97,0.0640,67.09,0.5085,0.02,0.00,0.05,6.7143,4234.16,1130.5245*1a
$28.69,29.53,-0.1199,28.17,0.1216,4.97,0.1310,67.09,0.3334,0.03,0.00,0.06,6.7121,4248.77,1057.1168*34
$28.69,29.52,-0.1917,28.16,-0.2298,4.97,0.0059,67.10,0.3588,0.02,0.00,0.05,6.7187,4268.63,1317.3220*17
$28.69,29.52,-0.2010,28.16,-0.1905,4.97,-0.0722,67.10,0.3380,0.01,0.00,0.06,6.7055,4286.92,1225.4284*37
$28.75,29.51,-0.2073,28.16,-0.1458,4.97,0.0484,67.11,0.3396,0.02,0.00,0.05,6.7136,4305.09,1134.1618*16
$28.75,29.51,-0.2121,28.16,-0.1285,4.97,0.0441,67.11,0.1662,0.02,0.00,0.05,6.7194,4322.91,1044.6036*14
$28.75,29.50,-0.3411,28.15,-0.0823,4.97,0.0686,67.12,0.2234,0.02,0.00,0.06,6.7121,4338.37,966.9655*26
$28.75,29.50,-0.5656,28.15,-0.3158,4.97,0.0664,67.12,0.1812,0.02,0.00,0.05,6.7128,4355.31,1286.0096*15
$28.75,29.49,-0.4196,28.15,-0.2420,4.97,0.1636,67.12,0.2161,0.02,0.00,0.06,6.7114,4371.39,1205.2563*10
$28.75,29.49,-0.3887,28.14,-0.1271,4.97,0.0145,67.13,0.1252,0.02,0.00,0.05,6.7106,4393.09,1096.2208*10
$28.75,29.48,-0.4515,28.14,-0.1978,4.97,-0.0381,67.13,0.1362,0.02,0.00,0.05,6.7150,4409.87,1009.6430*39
$28.75,29.48,-0.1562,28.14,-0.1530,4.98,-0.0410,67.13,0.1474,0.03,0.00,0.06,6.6916,4423.48,941.5581*2
$28.75,29.47,-0.1902,28.13,0.1370,4.98,-0.0901,67.13,0.3065,0.02,0.00,0.06,6.7099,4440.19,1127.3976*10
$28.75,29.47,-0.3614,28.13,-0.1725,4.98,0.0307,67.14,0.0918,0.02,0.00,0.06,6.7048,4466.56,997.5781*24
$28.75,29.46,-0.3061,28.13,0.1426,4.98,0.0037,67.14,0.1313,0.02,0.00,0.05,6.7201,4480.84,925.7354*0
$28.75,29.41,-0.1790,28.10,-0.2333,4.98,0.0175,67.15,0.1193,0.01,0.00,0.05,6.7158,4616.04,822.4778*28
$28.75,29.40,-0.4362,28.09,-0.0869,4.98,-0.0572,67.15,0.0125,0.02,0.00,0.06,6.7026,4638.14,711.5325*e
$28.75,29.40,-0.4468,28.09,-0.1373,4.98,-0.0327,67.15,0.0352,0.03,0.00,0.08,6.6923,4647.03,666.9237*5
$28.75,29.39,-0.2412,28.09,-0.0614,4.98,0.1390,67.15,0.1530,0.02,0.00,0.06,6.7070,4656.01,675.0684*22
$28.75,29.39,-0.4589,28.08,-0.2305,4.98,-0.1070,67.15,0.1004,0.02,0.00,0.05,6.7194,4666.63,621.7620*4
$28.75,29.38,-0.1603,28.08,-0.2761,4.98,-0.0325,67.15,0.0021,0.02,0.00,0.05,6.7194,4675.82,575.5654*d
$28.75,29.38,-0.1078,28.08,-0.0155,4.98,0.0155,67.16,0.0724,0.02,0.00,0.06,6.7114,4683.82,535.3832*23
$28.75,29.37,-0.2416,28.08,-0.0351,4.98,-0.0348,67.16,0.0450,0.02,0.00,0.06,6.7077,4691.23,498.1297*b
$28.75,29.37,-0.3401,28.07,-0.2957,4.98,0.0631,67.16,0.0930,0.02,0.00,0.05,6.7143,4700.52,937.9698*21
$28.75,29.36,-0.2789,28.07,-0.1252,4.98,0.0644,67.16,0.1376,0.01,0.00,0.05,6.7165,4717.40,853.1765*2e
$28.75,29.36,-0.3699,28.07,-0.1983,4.98,-0.1576,67.16,0.0330,0.02,0.00,0.06,6.7026,4735.10,764.3368*6
$28.75,29.35,-0.3957,28.06,-0.2975,4.98,0.0369,67.16,0.0263,0.02,0.00,0.07,6.6989,4750.93,684.7998*2a
$28.75,29.34,-0.4247,28.06,-0.1270,4.98,-0.1091,67.16,-0.0014,0.02,0.00,0.05,6.7136,4765.53,672.9020*24
$28.75,29.34,-0.2095,28.05,-0.0784,4.98,-0.0830,67.16,-0.1490,0.02,0.00,0.06,6.7062,4778.25,608.9621*2c
$28.75,29.33,-0.4810,28.05,-0.3989,4.98,-0.1057,67.16,-0.0766,0.02,0.00,0.05,6.7150,4790.31,548.3698*24
$28.75,29.31,-0.3062,28.04,-0.1391,4.98,-0.0546,67.16,-0.0558,0.02,0.00,0.05,6.7150,4816.22,588.8330*24
$28.75,29.28,-0.3697,28.02,-0.3431,4.98,-0.0498,67.16,0.0861,0.02,0.00,0.05,6.7121,4866.09,452.2874*e
$28.75,29.27,-0.3778,28.02,-0.3093,4.98,0.1472,67.16,0.1332,0.02,0.00,0.06,6.7070,4879.60,385.3899*21
$28.75,29.26,-0.5392,28.01,-0.3547,4.98,0.0228,67.16,0.0795,0.02,0.00,0.05,6.7194,4884.95,358.5111*26
$28.75,29.26,-0.2419,28.01,-0.2462,4.98,-0.0283,67.16,-0.0940,0.02,0.00,0.05,6.7092,4891.18,516.6581*21
$28.75,29.25,-0.4355,28.01,-0.1083,4.98,-0.0509,67.16,-0.0945,0.02,0.00,0.07,6.6762,4897.64,484.2465*20
$28.75,30.03,-0.0580,28.57,0.1642,0.03,-0.0698,21.24,2.0898,0.01,0.00,0.00,0.0000,0.43,9.0171*10
$28.75,30.03,-0.0580,28.57,0.1642,0.03,-0.0698,21.24,2.0898,0.01,0.00,0.00,0.0000,0.43,9.0171*10
$28.75,30.06,-0.3703,28.60,-0.0044,0.27,19.4381,25.78,199.1096,0.02,0.00,0.09,9.7392,145.50,5757.0130*16
$28.69,30.05,-0.0407,28.60,0.0087,0.92,20.0780,31.78,177.3177,0.02,0.00,0.11,8.8425,314.11,4922.8217*3e
$28.69,30.05,-0.4544,28.60,-0.1683,1.22,18.8265,34.39,164.3411,0.02,0.00,0.09,8.4886,386.73,4557.9179*19
$28.69,30.05,-0.0117,28.60,0.0516,1.50,17.3551,36.82,152.2276,0.02,0.00,0.09,8.2886,477.59,6953.8306*3a
$28.69,30.05,-0.1251,28.59,-0.1576,1.72,16.3230,38.80,142.5150,0.02,0.00,0.06,8.1773,567.59,6502.4784*15
$28.69,30.04,-0.1144,28.59,-0.0290,1.96,15.1602,40.90,131.8444,0.01,0.00,0.08,7.9011,663.73,6018.6588*10
$28.69,30.04,-0.1084,28.59,0.0019,2.17,14.0363,42.73,122.5480,0.03,0.00,0.08,7.7414,747.10,5599.7879*31
$28.69,30.04,-0.0051,28.59,0.0302,2.40,12.8720,44.71,112.7728,0.02,0.00,0.08,7.5890,837.49,5145.7520*39
$28.69,30.04,-0.3868,28.59,-0.2686,2.58,11.9236,46.27,104.8292,0.02,0.00,0.08,7.4740,908.79,4787.6061*1f
$28.69,30.03,-0.2497,28.59,-0.0188,2.76,11.2512,47.82,97.1083,0.02,0.00,0.06,7.3538,1004.20,6433.1300*17
$28.69,30.03,-0.2400,28.59,-0.1348,2.95,10.2458,49.48,88.7145,0.02,0.00,0.08,7.2637,1114.12,5880.2071*1d
$28.69,30.03,-0.2944,28.59,-0.1607,3.08,9.4375,50.63,82.9458,0.02,0.00,0.07,7.2015,1190.19,5497.9868*2e
$28.75,30.03,-0.0360,28.59,0.0686,3.21,8.9003,51.78,77.2574,0.02,0.00,0.07,7.1824,1266.34,5116.0943*9
$28.75,30.03,-0.1131,28.59,-0.1390,3.36,8.0900,53.10,70.6484,0.02,0.00,0.08,7.0711,1353.70,4676.6154*2c
$28.75,30.02,-0.2221,28.58,-0.1927,3.48,7.5403,54.14,65.4639,0.01,0.00,0.08,7.0161,1439.68,5834.4187*22
$28.75,30.02,-0.1414,28.58,0.0965,3.66,6.6080,55.72,57.3445,0.02,0.00,0.08,6.9465,1580.80,5124.7281*5
$28.75,30.01,-0.0826,28.58,-0.1273,3.83,5.7037,57.16,50.2583,0.02,0.00,0.08,6.8974,1709.41,4479.1501*25
$28.75,30.01,0.1106,28.58,0.0614,3.90,5.4164,57.79,46.8708,0.02,0.00,0.06,6.8835,1765.20,4198.3783*2f
$28.75,30.01,-0.4586,28.57,-0.2038,3.99,4.9163,58.57,43.0418,0.02,0.00,0.07,6.7875,1848.74,5127.1428*23
$28.75,30.00,-0.3209,28.57,-0.2312,4.21,3.7656,60.48,33.4304,0.01,0.00,0.06,6.8066,2076.16,3984.0500*26
$28.75,29.98,-0.3466,28.55,-0.4724,4.47,2.6309,62.79,21.9693,0.02,0.00,0.07,6.7495,2415.09,3476.4991*25
$28.75,29.98,-0.2376,28.55,-0.2140,4.51,2.4664,63.14,19.9911,0.02,0.00,0.06,6.7465,2471.44,3186.2081*2e
$28.75,29.97,-0.3691,28.55,-0.3844,4.55,2.1582,63.43,18.6363,0.02,0.00,0.07,6.7949,2527.59,3884.1226*22
$28.75,29.97,-0.2592,28.55,-0.3422,4.58,1.9450,63.72,17.3234,0.02,0.00,0.06,6.7407,2586.81,3586.1997*2a
$28.75,29.97,-0.2390,28.54,-0.1453,4.61,1.7443,64.02,15.7783,0.01,0.00,0.08,6.7216,2649.73,3270.4172*2c
$28.69,29.96,-0.0987,28.54,0.1380,4.64,1.7046,64.21,14.6950,0.02,0.00,0.08,6.7209,2689.16,3065.0566*e
$28.69,29.96,-0.1770,28.54,-0.0640,4.66,1.5697,64.41,13.7580,0.02,0.00,0.06,6.7245,2730.30,2865.6699*2a
$28.69,29.96,-0.2795,28.54,-0.1746,4.68,1.5145,64.59,12.9054,0.02,0.00,0.06,6.7282,2772.93,3586.2298*2c
$28.69,29.95,-0.2285,28.54,-0.1027,4.71,1.2549,64.82,11.6889,0.02,0.00,0.07,6.6615,2839.15,3253.9457*2b
$28.69,29.95,-0.4571,28.53,-0.0880,4.73,1.2821,64.99,10.9443,0.02,0.00,0.06,6.7231,2884.36,3026.4663*20
$28.69,29.94,-0.2255,28.53,-0.3822,4.74,1.1212,65.13,10.1852,0.02,0.00,0.08,6.7055,2924.98,2822.7552*2a
$28.69,29.94,-0.3939,28.53,-0.4017,4.76,1.0858,65.27,9.4730,0.02,0.00,0.06,6.7275,2964.22,2625.2614*13
$28.69,29.94,-0.2555,28.53,-0.1758,4.78,1.1309,65.41,8.8367,0.03,0.00,0.08,6.6989,3000.78,2442.0866*1f
$28.69,29.93,-0.3516,28.52,-0.4328,4.80,0.9062,65.58,7.9362,0.02,0.00,0.06,6.7150,3065.45,2943.7566*13
$28.69,29.93,-0.4769,28.52,-0.3192,4.82,0.8768,65.75,6.9627,0.02,0.00,0.07,6.7165,3130.32,2617.8794*16
$28.75,29.92,-0.1410,28.51,-0.2127,4.83,0.6697,65.90,6.3819,0.02,0.00,0.06,6.7187,3183.42,2345.7662*15
$28.75,29.91,-0.0452,28.51,-0.1252,4.85,0.5810,66.06,5.4610,0.02,0.00,0.06,6.7143,3251.02,2763.1548*15
$28.75,29.89,-0.1593,28.50,-0.1912,4.89,0.4524,66.36,4.0115,0.01,0.00,0.08,6.6945,3404.76,1986.5534*12
$28.69,29.87,-0.1048,28.49,0.0856,4.91,0.2654,66.60,2.6961,0.02,0.00,0.06,6.7150,3562.72,1862.5322*3b
$28.69,29.87,-0.3857,28.48,-0.4203,4.92,0.3618,66.65,2.6714,0.03,0.00,0.06,6.7128,3593.99,2375.9835*14
$28.69,29.86,-0.2435,28.48,-0.1014,4.92,0.2925,66.68,2.4390,0.02,0.00,0.06,6.7150,3623.68,2226.8423*1f
$28.69,29.86,-0.2794,28.48,0.1543,4.93,0.3446,66.72,2.1815,0.02,0.00,0.06,6.7092,3657.66,2056.1687*3f
$28.69,29.85,-0.3481,28.48,0.0143,4.93,0.3730,66.75,1.9782,0.02,0.00,0.06,6.7099,3686.19,1912.8115*30
$28.69,29.85,-0.4702,28.47,-0.2422,4.94,0.2545,66.78,1.9277,0.03,0.00,0.06,6.7128,3718.03,1752.8349*1f
$28.69,29.84,-0.3218,28.47,0.0202,4.94,0.3335,66.81,1.6533,0.02,0.00,0.06,6.7121,3745.62,1614.2669*3b
$28.69,29.84,-0.4232,28.47,-0.2712,4.94,0.0788,66.83,1.6553,0.02,0.00,0.06,6.7165,3766.78,2042.0801*14
$28.69,29.83,-0.3717,28.46,-0.2322,4.94,0.2147,66.85,1.6744,0.02,0.00,0.06,6.6432,3792.35,1914.1134*16
$28.69,29.83,-0.3191,28.46,-0.1638,4.95,0.1770,66.87,1.3136,0.02,0.00,0.06,6.7209,3821.58,1771.3764*18
$28.69,29.83,-0.3034,28.46,-0.0043,4.95,0.1680,66.89,1.3479,0.02,0.00,0.07,6.7040,3843.68,1660.3557*19
$28.69,29.82,-0.5229,28.46,-0.4183,4.95,0.0352,66.91,1.1769,0.02,0.00,0.06,6.7194,3868.24,1536.9353*1b
$28.69,29.81,-0.1561,28.45,-0.0333,4.95,0.0700,66.93,1.0988,0.03,0.00,0.05,6.7150,3894.99,1886.3804*12
$28.69,29.76,-0.4424,28.43,-0.1474,4.97,-0.0315,67.06,0.3853,0.02,0.00,0.07,6.7026,4141.83,1561.9721*33
$28.69,29.74,-0.3454,28.42,-0.2092,4.97,-0.0680,67.08,0.4487,0.02,0.00,0.06,6.7106,4194.33,1298.1789*30
$28.69,29.74,-0.3810,28.42,-0.2569,4.97,-0.0204,67.08,0.2753,0.02,0.00,0.05,6.7158,4211.76,1210.6468*35
$28.69,29.73,-0.2627,28.42,-0.2154,4.97,-0.0234,67.09,0.4961,0.02,0.00,0.05,6.7136,4226.37,1134.6965*34
$28.69,29.73,-0.2069,28.42,-0.1745,4.97,0.0727,67.09,0.3727,0.02,0.00,0.05,6.7150,4241.05,1063.4730*13
$28.69,29.72,-0.2448,28.41,-0.2232,4.97,0.1165,67.10,0.4226,0.02,0.00,0.05,6.7158,4258.83,1385.5211*18
$28.69,29.72,-0.4676,28.41,-0.0647,4.97,0.0182,67.10,0.2588,0.02,0.00,0.06,6.7158,4276.13,1298.6513*15
$28.69,29.71,-0.4133,28.41,-0.2695,4.97,-0.0345,67.10,0.2635,0.02,0.00,0.06,6.7121,4291.80,1217.1544*33
$28.69,29.71,-0.3841,28.41,-0.0120,4.97,0.1097,67.11,0.2179,0.02,0.00,0.06,6.7128,4311.02,1120.8052*1b
$28.69,29.70,-0.2998,28.40,-0.0594,4.97,0.0598,67.11,0.2248,0.02,0.00,0.05,6.7172,4326.05,1047.8336*10
$28.69,29.70,-0.4565,28.40,-0.5086,4.97,0.1327,67.11,0.2801,0.02,0.00,0.05,6.7143,4342.58,1282.0302*13
$28.69,29.69,-0.7024,28.40,-0.2518,4.98,-0.0450,67.12,0.1413,0.02,0.00,0.07,6.6967,4360.97,1192.6724*3c
$28.69,29.69,-0.5867,28.40,-0.2081,4.98,-0.0471,67.12,0.1033,0.01,0.00,0.07,6.6960,4375.31,1120.5026*32
$28.69,29.68,-0.3166,28.40,-0.1959,4.98,0.0500,67.12,0.1863,0.02,0.00,0.06,6.7099,4390.88,1042.2908*17
$28.69,29.68,-0.2573,28.39,-0.1865,4.98,-0.0490,67.13,0.0235,0.02,0.00,0.05,6.7143,4408.21,955.1973*b
$28.69,29.67,-0.4036,28.39,0.0399,4.98,-0.0030,67.13,0.1303,0.03,0.00,0.06,6.7092,4426.93,1164.2120*15
$28.69,29.65,-0.4086,28.38,-0.0525,4.98,-0.0330,67.14,0.0760,0.02,0.00,0.05,6.7136,4474.15,929.6520*1
$28.69,29.64,-0.3678,28.38,-0.0963,4.98,0.0423,67.14,0.2342,0.02,0.00,0.06,6.7070,4494.65,826.6516*22
$28.69,29.60,-0.3308,28.37,0.0081,4.98,0.0102,67.15,0.0105,0.02,0.00,0.05,6.7150,4596.94,841.8868*1
$28.69,29.59,-0.3428,28.36,-0.0967,4.98,-0.1140,67.15,0.0518,0.02,0.00,0.05,6.7172,4616.65,741.2100*6
$28.69,29.58,-0.2803,28.36,-0.1038,4.98,0.0330,67.15,-0.0073,0.02,0.00,0.05,6.7150,4640.97,860.2184*3
$28.69,29.57,-0.4966,28.36,-0.1824,4.98,0.0575,67.15,0.0604,0.02,0.00,0.05,6.7201,4653.71,796.2199*26
$28.69,29.57,-0.1646,28.35,0.0375,4.98,-0.0654,67.15,-0.1120,0.02,0.00,0.05,6.7143,4665.51,736.9492*3
$28.69,29.56,-0.2279,28.35,0.1682,4.98,0.0562,67.15,0.0576,0.02,0.00,0.05,6.7172,4676.43,682.0798*8
$28.69,29.55,-0.5563,28.35,-0.2793,4.98,0.2259,67.15,0.1029,0.02,0.00,0.07,6.7004,4689.36,617.1667*20
$28.69,29.55,-0.2850,28.35,-0.2997,4.98,0.0017,67.15,0.0260,0.02,0.00,0.07,6.6989,4698.83,771.7756*23
$28.75,29.54,-0.4685,28.35,-0.2284,4.98,-0.0468,67.15,0.1236,0.02,0.00,0.05,6.7165,4709.90,716.0566*0
$28.75,29.54,-0.4076,28.34,-0.3112,4.98,0.0006,67.16,0.1688,0.02,0.00,0.07,6.6960,4720.52,662.7150*2a
$28.75,29.53,-0.4763,28.34,-0.2760,4.98,0.1934,67.16,0.1408,0.02,0.00,0.08,6.6872,4728.80,621.2104*26
$28.75,29.52,-0.5209,28.34,-0.1386,4.98,-0.0557,67.16,0.0358,0.02,0.00,0.06,6.7092,4742.77,550.9560*3
$28.75,29.51,-0.4249,28.34,-0.2548,4.98,0.0211,67.16,0.1063,0.03,0.00,0.05,6.7172,4755.28,680.3818*27
$28.75,29.51,-0.3538,28.34,-0.1756,4.98,0.0444,67.16,0.1264,0.02,0.00,0.05,6.7165,4768.50,612.6127*21
$28.75,29.50,-0.5271,28.33,-0.1272,4.98,-0.0516,67.16,-0.0195,0.03,0.00,0.05,6.7172,4780.91,551.6348*21
$28.75,29.49,-0.1998,28.33,-0.0185,4.98,-0.0770,67.16,0.0263,0.02,0.00,0.05,6.7143,4794.78,480.8847*8
$28.75,29.44,-0.3619,28.31,-0.1944,4.98,0.0208,67.16,0.2116,0.02,0.00,0.06,6.7634,4858.66,445.9296*29
$28.75,29.43,-0.3597,28.31,-0.2723,4.98,-0.0306,67.16,-0.0571,0.02,0.00,0.07,6.7026,4866.09,408.5878*20
$28.75,29.43,-0.3939,28.30,-0.2286,4.98,-0.0054,67.16,0.0129,0.02,0.00,0.05,6.7194,4872.52,375.3720*b
$28.75,29.42,-0.2470,28.30,0.0272,4.98,0.0942,67.16,-0.0364,0.02,0.00,0.05,6.7136,4878.42,540.8922*2e
$28.75,29.42,-0.5197,28.30,-0.2601,4.98,-0.0280,67.16,0.0116,0.02,0.00,0.05,6.7143,4886.94,498.1073*0
$28.75,29.41,-0.4599,28.30,-0.1874,4.98,0.0921,67.16,0.0609,0.02,0.00,0.05,6.7150,4894.31,461.0679*26
$28.75,29.41,-0.2175,28.29,0.2202,4.98,-0.0316,67.16,-0.0392,0.02,0.00,0.05,6.7143,4900.73,427.8374*8
$28.75,29.40,-0.1813,28.29,-0.2817,4.98,0.0665,67.16,0.0085,0.03,0.00,0.05,6.7194,4908.26,390.1149*29
$28.75,29.39,-0.4383,28.29,-0.3332,4.98,-0.0051,67.16,0.0325,0.02,0.00,0.06,6.7194,4914.08,464.5500*a
$28.75,29.39,-0.4377,28.29,-0.0120,4.98,-0.0528,67.16,-0.1143,0.02,0.00,0.07,6.6967,4921.82,425.7369*28
$28.75,29.38,-0.5547,28.28,-0.1523,4.98,-0.0783,67.16,-0.0418,0.02,0.00,0.06,6.7106,4929.87,385.2304*22
$28.75,29.38,-0.5266,28.28,-0.0813,4.98,-0.0026,67.16,-0.0665,0.02,0.00,0.05,6.7158,4935.40,357.4379*24
$28.75,29.37,-0.2148,28.28,-0.0351,4.98,0.1676,67.16,0.0557,0.02,0.00,0.07,6.7018,4941.84,325.1147*2d
$28.75,29.36,-0.2194,28.28,-0.2987,4.98,0.0443,67.16,0.0760,0.02,0.00,0.05,6.7121,4947.59,392.3334*2a
